version https://git-lfs.github.com/spec/v1
oid sha256:5bcc498295fda89e5bba12cc9fb15d9c2c54a1ec9137054d411165116da3b78c
size 333780
